                            
2000000220000000000220000002
0      00          00      0
0 1001 00 10000001 00 1001 0
0 1020 00 03333330 11 0201 0
0   00 11 10000001 11 00   0
201 00                00 102
330 00 11 10000001 11 00 033
330 11 00 10022001 00 11 033
330    00    00    00    033
330 10022001 00 10022001 033
001 10022001 11 10022001 100
       00          00       
001 11 00 100dd001 00 11 100
201 00 11 0gggggg0 11 00 102
0   00    0gggggg0    00   0
0 1022001 0gggggg0 1002201 0
0 1022001 10000001 1002201 0
0   00                00   0
201 00 10001 11 10001 00 102
201 11 10001 00 10001 11 102
0            00            0
0 1000001 10022001 1000001 0
0 1022001 10000001 1002201 0
0   00                00   0
201 00 11 10000001 11 00 102
201 11 00 02000020 00 11 102
0      00 00    00 00      0
0 1000020 00 11 00 0200001 0
0 1000002 11 00 11 1000001 0
0            00            0
2000000000000220000000000002
                            